B 1 2 3 4 5 6 7 8  : - 0 1 0.000007 142857.142857
3 1 2 B 4 5 6 7 8  : - 0 2 0.000013 153846.153846
1 B 2 3 4 5 6 7 8  : - 0 2 0.000003 666666.666667
1 4 2 3 B 5 6 7 8  : - 0 3 0.000004 750000.000000
1 2 B 3 4 5 6 7 8  : - 0 3 0.000003 1000000.000000
3 1 2 6 4 5 B 7 8  : - 0 3 0.000003 1000000.000000
3 1 2 4 B 5 6 7 8  : - 0 103394 0.058080 1780199.724518
3 1 2 4 7 5 6 B 8  : - 0 1007 0.000313 3217252.396166
3 1 2 4 5 B 6 7 8  : - 0 3200 0.001219 2625102.543068
3 B 2 4 1 5 6 7 8  : - 0 32 0.000008 4000000.000000
3 1 2 6 4 5 7 B 8  : - 0 28 0.000007 4000000.000000
1 2 5 3 4 B 6 7 8  : - 0 4 0.000002 2000000.000000
1 4 2 3 7 5 6 B 8  : - 0 4 0.000001 4000000.000000
1 4 2 3 5 B 6 7 8  : - 0 3208 0.001179 2720949.957591
1 4 2 B 3 5 6 7 8  : - 0 10 0.000004 2500000.000000
1 4 2 6 3 5 B 7 8  : - 0 11 0.000003 3666666.666667
B 4 2 1 3 5 6 7 8  : - 0 8362 0.002992 2794786.096257
1 4 2 3 5 8 6 7 B  : - 0 3208 0.001190 2695798.319328
1 4 B 3 5 2 6 7 8  : - 0 1074 0.000321 3345794.392523
1 4 2 3 7 5 6 8 B  : - 0 1067 0.000316 3376582.278481
1 4 2 3 7 5 B 6 8  : - 0 39 0.000010 3900000.000000
1 2 5 3 4 8 6 7 B  : - 0 5 0.000002 2500000.000000
1 2 5 3 B 4 6 7 8  : - 0 1129 0.000331 3410876.132931
3 1 2 6 4 5 7 8 B  : - 0 953 0.000286 3332167.832168
3 1 2 6 B 5 7 4 8  : - 0 27 0.000007 3857142.857143
3 2 B 4 1 5 6 7 8  : - 0 33 0.000008 4125000.000000
B 3 2 4 1 5 6 7 8  : - 0 7497 0.002680 2797388.059701
3 1 2 4 5 8 6 7 B  : - 0 3200 0.001166 2744425.385935
3 1 B 4 5 2 6 7 8  : - 0 140486 0.061569 2281765.174032
3 1 2 4 7 5 6 8 B  : - 0 1059 0.000321 3299065.420561
3 1 2 4 7 5 B 6 8  : - 0 31 0.000009 3444444.444444
3 1 2 B 7 5 4 6 8  : - 0 30 0.000007 4285714.285714
3 1 2 4 7 B 6 8 5  : - 0 1058 0.000310 3412903.225806
3 B 1 4 5 2 6 7 8  : - 0 140486 0.061258 2293349.440073
3 1 2 4 5 8 6 B 7  : - 0 81845 0.032221 2540113.590516
4 3 2 B 1 5 6 7 8  : - 0 6 0.000005 1200000.000000
3 2 5 4 1 B 6 7 8  : - 0 34 0.000009 3777777.777778
3 1 2 6 5 B 7 4 8  : - 0 3094 0.001152 2685763.888889
3 B 2 6 1 5 7 4 8  : - 0 26 0.000007 3714285.714286
3 1 2 B 6 5 7 4 8  : - 0 16 0.000004 4000000.000000
3 1 2 6 4 B 7 8 5  : - 0 952 0.000286 3328671.328671
1 2 5 3 7 4 6 B 8  : - 0 1145 0.000336 3407738.095238
1 B 5 3 2 4 6 7 8  : - 0 41673 0.014709 2833163.369366
1 2 5 B 3 4 6 7 8  : - 0 23387 0.008001 2923009.623797
1 2 5 3 4 8 6 B 7  : - 0 125246 0.053881 2324492.863904
1 4 2 B 7 5 3 6 8  : - 0 38 0.000016 2375000.000000
1 4 2 3 7 B 6 8 5  : - 0 1066 0.000340 3135294.117647
1 B 4 3 5 2 6 7 8  : - 0 1074 0.000426 2521126.760563
1 4 2 3 5 8 6 B 7  : - 0 76923 0.030477 2523968.894576
4 B 2 1 3 5 6 7 8  : - 0 36 0.000013 2769230.769231
1 4 2 6 3 5 7 B 8  : - 0 33 0.000008 4125000.000000
1 4 2 6 3 5 7 8 B  : - 0 923 0.000273 3380952.380952
1 4 2 6 B 5 7 3 8  : - 0 953 0.000282 3379432.624113
4 2 B 1 3 5 6 7 8  : - 0 37 0.000009 4111111.111111
1 4 2 3 B 8 6 5 7  : - 0 93805 0.034986 2681215.343280
1 4 2 3 5 8 B 6 7  : - 0 27032 0.010699 2526591.270212
1 5 4 3 B 2 6 7 8  : - 0 35051 0.012748 2749529.337935
B 1 4 3 5 2 6 7 8  : - 0 35 0.000010 3500000.000000
1 4 B 3 7 2 6 8 5  : - 0 1065 0.000318 3349056.603774
1 4 2 3 B 7 6 8 5  : - 0 14387 0.005365 2681640.260951
1 4 2 7 B 5 3 6 8  : - 0 103400 0.045188 2288218.111003
B 4 2 1 7 5 3 6 8  : - 0 7 0.000008 875000.000000
1 2 5 3 B 8 6 4 7  : - 0 35 0.000009 3888888.888889
1 2 5 3 4 8 B 6 7  : - 0 47 0.000011 4272727.272727
1 2 5 6 3 4 B 7 8  : - 0 23387 0.008429 2774587.732827
B 2 5 1 3 4 6 7 8  : - 0 91620 0.035195 2603210.683336
1 5 B 3 2 4 6 7 8  : - 0 41673 0.014829 2810236.698361
B 1 5 3 2 4 6 7 8  : - 0 1193 0.000466 2560085.836910
1 2 5 3 7 4 6 8 B  : - 0 1075 0.000377 2851458.885942
1 2 5 3 7 4 B 6 8  : - 0 110699 0.048115 2300717.032111
3 1 B 6 4 2 7 8 5  : - 0 951 0.000323 2944272.445820
3 1 2 6 B 4 7 8 5  : - 0 14393 0.005664 2541137.005650
3 1 2 7 6 5 B 4 8  : - 0 17 0.000006 2833333.333333
B 1 2 3 6 5 7 4 8  : - 0 8368 0.002935 2851107.325383
3 2 B 6 1 5 7 4 8  : - 0 27 0.000007 3857142.857143
B 3 2 6 1 5 7 4 8  : - 0 25 0.000006 4166666.666667
3 1 2 6 5 8 7 4 B  : - 0 3094 0.001142 2709281.961471
3 1 B 6 5 2 7 4 8  : - 0 1098 0.000331 3317220.543807
3 2 5 4 1 8 6 7 B  : - 0 35 0.000009 3888888.888889
3 2 5 4 B 1 6 7 8  : - 0 1121 0.000324 3459876.543210
4 3 2 6 1 5 B 7 8  : - 0 7 0.000002 3500000.000000
4 3 2 1 B 5 6 7 8  : - 0 89327 0.035105 2544566.301097
3 1 2 4 B 8 6 5 7  : - 0 3064 0.000992 3088709.677419
3 1 2 4 5 8 B 6 7  : - 0 27024 0.010593 2551118.663268
3 5 1 4 B 2 6 7 8  : - 0 34963 0.012606 2773520.545772
B 3 1 4 5 2 6 7 8  : - 0 50269 0.020255 2481806.961244
3 1 B 4 7 2 6 8 5  : - 0 1057 0.000319 3313479.623824
3 1 2 4 B 7 6 8 5  : - 0 14299 0.005408 2644045.857988
3 1 2 7 B 5 4 6 8  : - 0 977 0.000297 3289562.289562
B 1 2 3 7 5 4 6 8  : - 0 8284 0.002889 2867428.175839
1 B 2 3 7 5 4 6 8  : - 0 56 0.000013 4307692.307692
3 1 2 7 5 B 4 6 8  : - 0 3088 0.001139 2711150.131694
3 B 2 7 1 5 4 6 8  : - 0 138 0.000032 4312500.000000
3 1 2 4 8 7 6 B 5  : - 0 54629 0.021731 2513874.188947
3 B 2 4 1 7 6 8 5  : - 0 89817 0.033727 2663059.270021
3 1 2 B 4 7 6 8 5  : - 0 32693 0.012113 2699001.073227
3 B 1 4 7 2 6 8 5  : - 0 1056 0.000313 3373801.916933
4 3 1 B 5 2 6 7 8  : - 0 82480 0.030676 2688746.903116
3 5 1 4 7 2 6 B 8  : - 0 35101 0.012755 2751940.415523
3 5 1 4 2 B 6 7 8  : - 0 99926 0.043773 2282822.744614
3 5 1 B 4 2 6 7 8  : - 0 26170 0.010910 2398716.773602
3 1 2 B 5 8 4 6 7  : - 0 27024 0.010354 2610005.794862
3 1 2 4 8 B 6 5 7  : - 0 2129 0.000698 3050143.266476
3 B 2 4 1 8 6 5 7  : - 0 49120 0.017231 2850676.107016
3 1 2 B 4 8 6 5 7  : - 0 15730 0.005679 2769853.847508
4 3 2 1 7 5 6 B 8  : - 0 81863 0.031374 2609262.446612
4 3 2 1 5 B 6 7 8  : - 0 3204 0.001169 2740804.106074
4 3 2 6 1 5 7 B 8  : - 0 62332 0.024228 2572725.771834
3 2 5 4 7 1 6 B 8  : - 0 1039 0.000314 3308917.197452
3 B 5 4 2 1 6 7 8  : - 0 59591 0.023418 2544666.495858
3 2 5 B 4 1 6 7 8  : - 0 110723 0.047979 2307738.802393
3 2 5 4 1 8 6 B 7  : - 0 10182 0.003606 2823627.287854
3 B 1 6 5 2 7 4 8  : - 0 1098 0.000330 3327272.727273
3 1 2 6 5 8 7 B 4  : - 0 76917 0.030256 2542206.504495
6 3 2 B 1 5 7 4 8  : - 0 2080 0.000679 3063328.424153
3 2 5 6 1 B 7 4 8  : - 0 28 0.000007 4000000.000000
1 B 2 3 6 5 7 4 8  : - 0 42 0.000010 4200000.000000
3 1 2 7 6 5 4 B 8  : - 0 57 0.000013 4384615.384615
3 1 2 6 8 4 7 B 5  : - 0 109316 0.047898 2282266.482943
3 B 2 6 1 4 7 8 5  : - 0 27869 0.011396 2445507.195507
3 1 2 B 6 4 7 8 5  : - 0 32745 0.012048 2717878.486056
3 B 1 6 4 2 7 8 5  : - 0 950 0.000290 3275862.068966
1 2 5 B 7 4 3 6 8  : - 0 110699 0.048315 2291193.211218
1 2 5 3 7 B 6 8 4  : - 0 1075 0.000327 3287461.773700
3 1 5 B 2 4 6 7 8  : - 0 24095 0.008662 2781690.140845
2 B 5 1 3 4 6 7 8  : - 0 65053 0.026153 2487401.062976
1 2 5 6 3 4 7 B 8  : - 0 1159 0.000345 3359420.289855
1 2 5 B 4 8 3 6 7  : - 0 47 0.000012 3916666.666667
1 2 5 3 8 B 6 4 7  : - 0 2146 0.000693 3096681.096681
1 B 5 3 2 8 6 4 7  : - 0 98269 0.037083 2649974.381792
1 2 5 B 3 8 6 4 7  : - 0 69030 0.026428 2612002.421674
4 B 2 1 7 5 3 6 8  : - 0 8 0.000006 1333333.333333
1 4 2 7 6 5 3 B 8  : - 0 983 0.000290 3389655.172414
1 4 2 7 5 B 3 6 8  : - 0 3194 0.001172 2725255.972696
1 B 2 7 4 5 3 6 8  : - 0 146 0.000033 4424242.424242
1 4 2 3 8 7 6 B 5  : - 0 109336 0.047281 2312472.240435
1 B 2 3 4 7 6 8 5  : - 0 119866 0.053998 2219822.956406
1 4 2 B 3 7 6 8 5  : - 0 32689 0.012734 2567064.551594
1 B 4 3 7 2 6 8 5  : - 0 1064 0.000319 3335423.197492
3 1 4 B 5 2 6 7 8  : - 0 34262 0.012410 2760838.033844
1 5 4 3 7 2 6 B 8  : - 0 34999 0.012628 2771539.436174
1 5 4 3 2 B 6 7 8  : - 0 3218 0.001167 2757497.857755
1 5 4 B 3 2 6 7 8  : - 0 966 0.000290 3331034.482759
1 4 2 B 5 8 3 6 7  : - 0 27032 0.010310 2621920.465567
1 4 2 3 8 B 6 5 7  : - 0 2137 0.000700 3052857.142857
1 B 2 3 4 8 6 5 7  : - 0 49128 0.017135 2867114.093960
1 4 2 B 3 8 6 5 7  : - 0 15726 0.005684 2766713.581985
4 2 5 1 3 B 6 7 8  : - 0 38 0.000010 3800000.000000
1 4 2 6 5 B 7 3 8  : - 0 3064 0.000991 3091826.437941
1 B 2 6 4 5 7 3 8  : - 0 132 0.000030 4400000.000000
1 4 2 B 6 5 7 3 8  : - 0 24 0.000006 4000000.000000
1 4 2 6 3 B 7 8 5  : - 0 922 0.000273 3377289.377289
1 4 B 6 3 2 7 8 5  : - 0 921 0.000273 3373626.373626
1 4 2 6 B 3 7 8 5  : - 0 14401 0.005307 2713585.830036
B 4 2 1 6 5 7 3 8  : - 0 8290 0.002904 2854683.195592
1 2 B 6 4 5 7 3 8  : - 0 133 0.000030 4433333.333333
B 1 2 6 4 5 7 3 8  : - 0 1017 0.000293 3470989.761092
1 4 2 6 5 8 7 3 B  : - 0 3064 0.000975 3142564.102564
1 4 B 6 5 2 7 3 8  : - 0 2024 0.000664 3048192.771084
4 2 5 1 3 8 6 7 B  : - 0 39 0.000009 4333333.333333
4 2 5 1 B 3 6 7 8  : - 0 1125 0.000343 3279883.381924
1 4 2 6 3 8 B 5 7  : - 0 15726 0.005663 2776973.335688
B 4 2 1 3 8 6 5 7  : - 0 74900 0.028778 2602682.604768
1 2 B 3 4 8 6 5 7  : - 0 49128 0.017264 2845690.454124
1 4 B 3 8 2 6 5 7  : - 0 128688 0.054755 2350251.118619
1 4 2 5 B 8 3 6 7  : - 0 84982 0.032991 2575914.643388
B 4 2 1 5 8 3 6 7  : - 0 25646 0.010056 2550318.217979
1 5 4 6 3 2 B 7 8  : - 0 966 0.000294 3285714.285714
B 5 4 1 3 2 6 7 8  : - 0 22931 0.007952 2883677.062374
1 5 4 3 2 8 6 7 B  : - 0 3218 0.001166 2759862.778731
1 5 4 3 7 2 6 8 B  : - 0 53277 0.021046 2531454.908296
1 5 4 3 7 2 B 6 8  : - 0 26164 0.010178 2570642.562389
3 1 4 6 5 2 B 7 8  : - 0 34262 0.012369 2769989.489854
3 1 4 5 B 2 6 7 8  : - 0 2792 0.000901 3098779.134295
1 7 4 3 B 2 6 8 5  : - 0 73107 0.027552 2653418.989547
B 1 4 3 7 2 6 8 5  : - 0 8227 0.002998 2744162.775183
1 4 2 6 3 7 B 8 5  : - 0 32689 0.012055 2711654.914973
B 4 2 1 3 7 6 8 5  : - 0 38458 0.013651 2817229.506996
1 2 B 3 4 7 6 8 5  : - 0 119866 0.051214 2340492.833991
1 4 2 3 8 7 6 5 B  : - 0 2137 0.000719 2972183.588317
1 4 2 3 8 7 B 6 5  : - 0 110690 0.050997 2170519.834500
1 2 B 7 4 5 3 6 8  : - 0 147 0.000039 3769230.769231
B 1 2 7 4 5 3 6 8  : - 0 7473 0.002801 2667975.722956
1 4 2 7 5 8 3 6 B  : - 0 3194 0.001197 2668337.510443
1 4 B 7 5 2 3 6 8  : - 0 140492 0.062856 2235140.638921
1 4 2 7 6 5 3 8 B  : - 0 1053 0.000324 3250000.000000
1 4 2 7 6 5 B 3 8  : - 0 25 0.000007 3571428.571429
4 7 2 1 B 5 3 6 8  : - 0 9 0.000003 3000000.000000
4 2 B 1 7 5 3 6 8  : - 0 9 0.000003 3000000.000000
1 2 5 6 3 8 B 4 7  : - 0 69030 0.027853 2478368.577891
B 2 5 1 3 8 6 4 7  : - 0 67167 0.025962 2587127.339958
1 5 B 3 2 8 6 4 7  : - 0 98269 0.036506 2691858.872514
B 1 5 3 2 8 6 4 7  : - 0 2297 0.000757 3034346.103038
1 2 5 3 8 7 6 4 B  : - 0 2146 0.000706 3039660.056657
1 2 B 3 8 5 6 4 7  : - 0 1106 0.000327 3382262.996942
1 2 5 4 B 8 3 6 7  : - 0 75221 0.028523 2637205.062581
B 2 5 1 4 8 3 6 7  : - 0 48215 0.017121 2816132.235267
1 2 5 6 3 4 7 8 B  : - 0 1205 0.000347 3472622.478386
1 2 5 6 B 4 7 3 8  : - 0 985 0.000286 3444055.944056
2 3 5 1 B 4 6 7 8  : - 0 14498 0.005383 2693293.702396
2 5 B 1 3 4 6 7 8  : - 0 65053 0.025296 2571671.410500
3 1 5 6 2 4 B 7 8  : - 0 24095 0.008277 2911078.893319
3 1 5 2 B 4 6 7 8  : - 0 30730 0.011610 2646856.158484
1 2 B 3 7 5 6 8 4  : - 0 18052 0.006342 2846420.687480
1 2 5 3 B 7 6 8 4  : - 0 79181 0.030913 2561414.291722
1 2 5 7 B 4 3 6 8  : - 0 1115 0.000332 3358433.734940
B 2 5 1 7 4 3 6 8  : - 0 3985 0.001389 2868970.482361
3 4 1 6 B 2 7 8 5  : - 0 73101 0.027898 2620295.361675
B 3 1 6 4 2 7 8 5  : - 0 126907 0.054216 2340766.563376
3 1 2 7 6 4 B 8 5  : - 0 32745 0.012803 2557603.686636
B 1 2 3 6 4 7 8 5  : - 0 98617 0.044070 2237735.420921
3 2 B 6 1 4 7 8 5  : - 0 27869 0.011376 2449806.610408
B 3 2 6 1 4 7 8 5  : - 0 38468 0.013624 2823546.682325
3 1 2 6 8 4 7 5 B  : - 0 2023 0.000669 3023916.292975
3 1 2 6 8 4 B 7 5  : - 0 46950 0.016458 2852716.004375
3 1 2 7 6 5 4 8 B  : - 0 947 0.000289 3276816.608997
1 6 2 3 B 5 7 4 8  : - 0 120473 0.052373 2300288.316499
1 2 B 3 6 5 7 4 8  : - 0 43 0.000016 2687500.000000
3 2 5 6 1 8 7 4 B  : - 0 29 0.000007 4142857.142857
3 2 5 6 B 1 7 4 8  : - 0 1015 0.000301 3372093.023256
6 3 2 7 1 5 B 4 8  : - 0 2080 0.000687 3027656.477438
6 3 2 1 B 5 7 4 8  : - 0 62286 0.025673 2426128.617614
3 1 2 6 B 8 7 5 4  : - 0 93799 0.035229 2662550.739448
3 1 2 6 5 8 B 7 4  : - 0 27038 0.010515 2571374.227294
3 5 1 6 B 2 7 4 8  : - 0 35057 0.012632 2775253.324889
B 3 1 6 5 2 7 4 8  : - 0 59 0.000017 3470588.235294
3 2 5 4 B 8 6 1 7  : - 0 65 0.000014 4642857.142857
3 2 5 4 1 8 B 6 7  : - 0 77 0.000017 4529411.764706
3 2 5 6